rho_msmt,phi_msmt,rho_dot_msmt,rho_pred,phi_pred,rho_dot_pred,rho_error,phi_error,rho_dot_error,px_gt,py_gt,vx_gt,vy_gt,px_rmse,py_rmse,vx_rmse,vy_rmse
1.01489,0.554329,4.89281,0.659007,1.07719,0,0.355885,-0.522857,4.89281,0.859997,0.600045,5.19975,0.00179686,0.211208,0.0876373,3.81773,1.3965
1.04751,0.38924,4.51132,1.79282,0.302758,9.84434,-0.745318,0.0864824,-5.33302,1.37996,0.600629,5.19898,0.0107781,0.232328,0.0723767,3.73094,1.62848
1.6983,0.29828,5.20999,1.80186,0.468721,5.43513,-0.103561,-0.170441,-0.225145,1.89982,0.60247,5.19766,0.0269323,0.233595,0.0747625,3.04874,1.6587
2.04438,0.276002,5.04387,2.42799,0.312417,5.54061,-0.383612,-0.0364156,-0.496744,2.41954,0.606284,5.19573,0.0502389,0.21315,0.0798946,2.64297,1.49142
2.99092,0.217668,5.19181,2.933,0.261116,5.3382,0.0579199,-0.0434481,-0.146394,2.93904,0.612786,5.19309,0.080668,0.196108,0.0858565,2.3649,1.35091
3.59388,0.135452,5.16175,3.44137,0.215473,5.26644,0.152506,-0.0800211,-0.104689,3.45825,0.622685,5.18963,0.11818,0.182434,0.0836817,2.15951,1.2364
4.25555,0.16484,5.43333,4.01862,0.141071,5.33944,0.236926,0.0237685,0.0938905,3.97708,0.636689,5.18519,0.162724,0.168955,0.0794735,2.00191,1.15306
4.67026,0.14818,5.12085,4.58197,0.125846,5.42768,0.088293,0.0223341,-0.306838,4.49542,0.655498,5.17962,0.214238,0.158494,0.0771095,1.87465,1.08506
5.25142,0.127163,4.82591,5.02264,0.136735,5.17458,0.228774,-0.00957155,-0.34867,5.01315,0.679804,5.1727,0.272649,0.150082,0.0727526,1.7677,1.02362
5.26729,0.121683,5.42351,5.56771,0.120681,5.10774,-0.300417,0.00100261,0.315766,5.53013,0.710295,5.16422,0.337868,0.142381,0.0698433,1.67717,0.973822
5.90575,0.0633,4.87968,6.13802,0.11229,5.31522,-0.232274,-0.0489902,-0.435541,6.04618,0.747647,5.15393,0.409793,0.136197,0.0722168,1.59958,0.936466
6.67392,0.125614,5.00687,6.62211,0.10972,5.10648,0.0518142,0.0158947,-0.0996066,6.5611,0.792523,5.14157,0.488305,0.13052,0.070698,1.53157,0.899409
7.31844,0.0862923,4.64911,7.11568,0.106323,5.04727,0.20276,-0.0200308,-0.39816,7.07469,0.845578,5.12685,0.573269,0.12542,0.0730346,1.47238,0.8708
8.12494,0.101047,5.46424,7.56273,0.109389,4.82282,0.562209,-0.00834195,0.641419,7.58668,0.907449,5.10946,0.664531,0.121303,0.0732837,1.42002,0.842841
8.45095,0.104862,4.75054,8.13093,0.100187,5.15605,0.320025,0.00467501,-0.405514,8.0968,0.978759,5.08907,0.761915,0.117243,0.0807971,1.37206,0.824422
8.57549,0.165312,5.5806,8.6051,0.0986681,4.95386,-0.0296098,0.0666434,0.626737,8.60472,1.06011,5.06537,0.865226,0.113724,0.087962,1.32901,0.80695
9.94666,0.115056,5.2408,9.14898,0.11122,5.2323,0.797687,0.0038353,0.00849689,9.1101,1.15208,5.03798,0.974245,0.110443,0.0904711,1.29006,0.787093
10.216,0.14981,5.31165,9.68732,0.1124,5.24311,0.528684,0.0374095,0.0685405,9.61255,1.25524,5.00656,1.08873,0.107489,0.0936496,1.25477,0.770042
10.6781,0.162309,4.80661,10.2748,0.128097,5.36134,0.40323,0.0342116,-0.554734,10.1117,1.37011,4.97074,1.20841,0.1056,0.0915969,1.22221,0.750152
11.0406,0.154906,4.56401,10.7438,0.138304,5.07077,0.296856,0.0166015,-0.506756,10.6069,1.49721,4.93014,1.33298,0.103094,0.0892889,1.1917,0.731923
11.5668,0.123838,5.14205,11.187,0.141092,4.80098,0.379856,-0.0172532,0.341071,11.0979,1.637,4.8844,1.46213,0.100651,0.0881879,1.16344,0.718806
11.5791,0.133321,4.86948,11.7605,0.141593,5.05517,-0.181402,-0.00827184,-0.185687,11.584,1.78992,4.83313,1.59551,0.0988692,0.0900991,1.1368,0.712081
12.3248,0.175289,5.27755,12.2236,0.145426,4.93159,0.101252,0.0298632,0.345964,12.0647,1.95639,4.77598,1.73273,0.0970527,0.093731,1.11227,0.707433
12.6709,0.140728,5.31674,12.7487,0.148578,5.09178,-0.0777632,-0.00784928,0.224952,12.5394,2.13677,4.71257,1.87338,0.0960336,0.10347,1.0908,0.709683
13.4856,0.198883,5.44642,13.2359,0.15944,5.13166,0.24972,0.0394432,0.31476,13.0075,2.33137,4.64258,2.01701,0.0950228,0.108585,1.07182,0.704545
13.0871,0.241065,4.51275,13.7556,0.173935,5.24418,-0.668441,0.06713,-0.731427,13.4682,2.54047,4.56565,2.16317,0.0935251,0.109449,1.05264,0.695022
14.0988,0.19551,4.80612,14.2003,0.187157,4.90623,-0.101514,0.00835238,-0.10011,13.9208,2.7643,4.48147,2.31134,0.0918833,0.109475,1.03317,0.686263
14.8371,0.194676,5.23337,14.6905,0.200035,4.88708,0.146555,-0.00535897,0.346293,14.3646,3.00303,4.38974,2.46099,0.0906284,0.108421,1.01577,0.676725
15.2004,0.263587,5.15707,15.1842,0.205037,5.00677,0.0162546,0.0585504,0.150306,14.7989,3.25679,4.29021,2.61157,0.0897064,0.109151,1.00091,0.671031
15.9183,0.263598,4.66589,15.6995,0.222885,5.09387,0.218791,0.0407128,-0.427981,15.2228,3.52563,4.18263,2.76249,0.0890291,0.107517,0.986333,0.661656
16.089,0.213597,4.78562,16.1863,0.238985,4.93598,-0.0972442,-0.0253878,-0.150368,15.6355,3.80957,4.06678,2.91315,0.0887205,0.105846,0.971793,0.652383
16.8729,0.252565,4.40994,16.6697,0.248105,4.887,0.203109,0.00445981,-0.477059,16.0363,4.10854,3.94251,3.0629,0.0892461,0.104206,0.957918,0.645935
17.3477,0.261345,4.72541,17.1262,0.262714,4.69824,0.221515,-0.00136931,0.0271703,16.4242,4.42242,3.80966,3.21109,0.0900895,0.102802,0.944513,0.63879
17.6757,0.292764,3.91006,17.5885,0.27516,4.70757,0.0872059,0.0176036,-0.797511,16.7983,4.75103,3.66817,3.35704,0.0903836,0.101477,0.931323,0.633466
17.9537,0.261769,4.23232,17.9836,0.292835,4.35662,-0.0299082,-0.0310656,-0.124303,17.1579,5.09409,3.51797,3.50008,0.0896307,0.101292,0.917933,0.627021
18.2733,0.262734,4.05972,18.3944,0.305511,4.29947,-0.121035,-0.0427772,-0.239743,17.5019,5.45128,3.35907,3.63949,0.0885614,0.100726,0.905127,0.622723
18.9222,0.326645,3.86213,18.8064,0.312988,4.21275,0.115732,0.0136575,-0.350616,17.8297,5.82221,3.19151,3.77458,0.0877415,0.0994138,0.893057,0.624826
19.3547,0.35846,4.07937,19.2245,0.327492,4.11785,0.130264,0.0309672,-0.0384783,18.1402,6.20641,3.01542,3.90462,0.0870567,0.0981037,0.881706,0.624629
19.6966,0.364545,3.87628,19.6337,0.346462,4.13189,0.062915,0.0180834,-0.255608,18.4328,6.60333,2.83093,4.0289,0.0860043,0.0976133,0.870685,0.620065
20.1556,0.367622,4.11203,20.009,0.357263,4.01097,0.146572,0.0103592,0.101062,18.7064,7.01237,2.63825,4.14672,0.0851354,0.0964025,0.861191,0.619373
19.9701,0.379671,3.50583,20.4678,0.366787,4.15517,-0.497767,0.0128835,-0.649341,18.9604,7.43283,2.43767,4.25737,0.0856377,0.0961646,0.853859,0.624663
20.7779,0.37828,3.78648,20.7896,0.386336,3.84294,-0.0117334,-0.00805538,-0.0564609,19.1939,7.86397,2.22949,4.36017,0.0850368,0.0950981,0.845115,0.623511
20.7048,0.405728,3.77514,21.1361,0.402193,3.79768,-0.431231,0.00353427,-0.022534,19.4062,8.30497,2.01409,4.45445,0.084125,0.0940734,0.837173,0.621147
21.3856,0.401578,3.38244,21.4509,0.413334,3.71977,-0.0652552,-0.0117562,-0.337332,19.5966,8.75494,1.7919,4.53956,0.0832621,0.0951182,0.830573,0.624171
21.7806,0.450652,3.22397,21.8357,0.424233,3.66211,-0.0550806,0.0264193,-0.438138,19.7645,9.21294,1.56341,4.61488,0.0837558,0.0988733,0.826096,0.630705
21.9129,0.461931,2.96707,22.2052,0.439844,3.56448,-0.292352,0.0220871,-0.597414,19.9093,9.67795,1.32916,4.67984,0.0854563,0.102632,0.821444,0.63527
22.3983,0.541745,3.37282,22.5119,0.456903,3.33984,-0.113583,0.0848425,0.0329794,20.0303,10.1489,1.08972,4.73389,0.0871789,0.10485,0.816741,0.634943
22.4479,0.502078,2.77693,22.855,0.478074,3.4203,-0.407175,0.0240035,-0.643376,20.1271,10.6247,0.845742,4.77652,0.088124,0.105,0.811322,0.630847
23.0204,0.565755,3.01803,23.1489,0.497059,3.2009,-0.128505,0.0686967,-0.182864,20.1993,11.1041,0.597892,4.80727,0.088893,0.104147,0.805488,0.625203
22.776,0.567455,2.08835,23.4439,0.515157,3.1592,-0.667932,0.0522982,-1.07085,20.2466,11.5861,0.346889,4.82575,0.0891586,0.103324,0.799197,0.620439
23.2786,0.540021,3.0094,23.6786,0.531903,2.75572,-0.400058,0.00811734,0.25368,20.2687,12.0692,0.093487,4.83159,0.0900377,0.102543,0.793727,0.61572
23.5919,0.557529,1.9646,23.9727,0.552473,2.93903,-0.380824,0.00505553,-0.974431,20.2652,12.5522,-0.161529,4.82451,0.0902255,0.1016,0.78799,0.610399
24.2413,0.530035,2.16265,24.1833,0.568642,2.55982,0.0579919,-0.0386075,-0.397169,20.2363,13.0339,-0.417348,4.80428,0.091096,0.100721,0.782364,0.606004
24.0255,0.59787,2.13842,24.3728,0.584172,2.37829,-0.34728,0.0136977,-0.239863,20.1818,13.5129,-0.673135,4.77072,0.0917999,0.100234,0.777475,0.60223
24.4284,0.587035,1.74881,24.6006,0.603168,2.35694,-0.172195,-0.0161331,-0.608126,20.1017,13.9878,-0.928043,4.72374,0.0926537,0.099557,0.772844,0.597851
24.3813,0.632018,1.7308,24.7758,0.622251,2.13632,-0.394535,0.00976725,-0.405522,19.9962,14.4573,-1.18121,4.66331,0.0929483,0.0987339,0.767622,0.592995
24.5168,0.60859,1.71283,24.9072,0.643646,1.95812,-0.390422,-0.0350565,-0.245287,19.8655,14.9202,-1.43177,4.58944,0.0923137,0.0978952,0.761881,0.587817
25.2206,0.654048,0.480334,25.0926,0.659037,1.93487,0.127985,-0.00498963,-1.45454,19.7099,15.3749,-1.67887,4.50226,0.0922528,0.0972549,0.756875,0.584371
25.0031,0.647734,1.13996,25.1762,0.673264,1.35036,-0.17314,-0.0255297,-0.210396,19.5298,15.8203,-1.92164,4.40193,0.0932661,0.0977818,0.752017,0.582847
24.9602,0.695945,1.21175,25.2829,0.691859,1.30788,-0.322716,0.00408613,-0.0961239,19.3257,16.2549,-2.15925,4.28868,0.0938799,0.0982835,0.747738,0.579222
25.3368,0.698647,0.722698,25.3691,0.709211,1.2763,-0.032379,-0.0105633,-0.553601,19.0981,16.6777,-2.39087,4.16284,0.0946037,0.0998018,0.744098,0.575629
25.8559,0.754598,-0.0612346,25.4415,0.728859,1.08504,0.414483,0.0257387,-1.14628,18.8477,17.0872,-2.61571,4.02476,0.0946988,0.100968,0.739059,0.57223
25.3807,0.735616,1.06382,25.4621,0.75231,0.660979,-0.0814081,-0.0166933,0.402839,18.5752,17.4822,-2.83299,3.87489,0.0939943,0.100644,0.733473,0.567844
25.2941,0.763391,0.672333,25.5171,0.774468,0.864174,-0.223014,-0.0110772,-0.191841,18.2814,17.8617,-3.042,3.71372,0.0934705,0.0999534,0.727925,0.564836
25.3208,0.762942,-0.0928738,25.5951,0.792012,0.875487,-0.274303,-0.0290701,-0.968361,17.9671,18.2246,-3.24204,3.5418,0.0927643,0.0994007,0.723023,0.561442
26.1624,0.765956,0.152289,25.5711,0.806774,0.461957,0.591288,-0.0408186,-0.309668,17.6334,18.5697,-3.43247,3.35973,0.092375,0.0996311,0.719206,0.557181
25.368,0.793358,-0.253429,25.6059,0.82672,0.415133,-0.237927,-0.033362,-0.668562,17.281,18.8962,-3.61271,3.16817,0.0918418,0.0995089,0.714874,0.553314
26.0053,0.861368,-0.164065,25.5643,0.842932,0.144308,0.440976,0.0184351,-0.308373,16.9113,19.203,-3.78221,2.9678,0.0917266,0.0997981,0.711151,0.549314
25.889,0.896317,-0.530322,25.5158,0.862319,0.0138126,0.373131,0.0339977,-0.544135,16.5251,19.4894,-3.9405,2.75938,0.0913316,0.100143,0.706898,0.545574
24.5786,0.838291,-0.8677,25.4776,0.884549,-0.138712,-0.898958,-0.0462586,-0.728988,16.1237,19.7545,-4.08716,2.54364,0.0906824,0.100118,0.701957,0.542424
25.1552,0.869372,-0.422421,25.3659,0.903331,-0.425849,-0.210712,-0.0339588,0.00342886,15.7082,19.9978,-4.22185,2.32141,0.0900473,0.100003,0.697169,0.539641
25.7265,0.978244,-0.746329,25.3312,0.924342,-0.314791,0.395298,0.0539021,-0.431538,15.2799,20.2185,-4.34427,2.09347,0.0895281,0.0993377,0.692381,0.53966
24.8149,0.934393,-1.0454,25.3081,0.943376,-0.357313,-0.493228,-0.00898317,-0.688082,14.84,20.4162,-4.4542,1.86068,0.088917,0.0987137,0.687816,0.539746
25.1535,0.988122,-1.29602,25.1962,0.96224,-0.602671,-0.0426454,0.0258827,-0.693353,14.3897,20.5904,-4.55149,1.62386,0.0883233,0.0982293,0.683242,0.539203
25.0236,0.985547,-1.50011,25.0346,0.981999,-0.898308,-0.0110193,0.00354777,-0.601797,13.9304,20.7408,-4.63606,1.38386,0.0878306,0.0977377,0.67873,0.537832
24.6656,0.975748,-2.00913,24.8468,1.00287,-1.15563,-0.181215,-0.027123,-0.853494,13.4632,20.8671,-4.70789,1.14153,0.0880047,0.0972032,0.67484,0.53577
24.9733,1.01073,-1.83426,24.6201,1.02072,-1.51915,0.353268,-0.00998727,-0.315117,12.9895,20.969,-4.76702,0.897694,0.0883431,0.0965753,0.670973,0.532977
24.5425,1.08233,-2.03069,24.4819,1.03649,-1.52744,0.0606434,0.0458388,-0.503252,12.5106,21.0465,-4.81358,0.653175,0.0880389,0.0959592,0.666772,0.530375
24.4724,1.04012,-2.24199,24.2867,1.05654,-1.67161,0.185668,-0.0164221,-0.570372,12.0276,21.0996,-4.84773,0.408778,0.0879194,0.0953816,0.6628,0.528019
23.6708,1.0622,-2.41489,24.0283,1.07312,-1.93025,-0.357498,-0.010918,-0.484644,11.5418,21.1283,-4.86971,0.165281,0.0877654,0.0949141,0.658855,0.525029
23.1085,1.09641,-2.60844,23.7826,1.08911,-2.09129,-0.674032,0.00729606,-0.517148,11.0544,21.1327,-4.87982,-0.076565,0.0874053,0.0948434,0.654895,0.521935
23.3261,1.16045,-2.31884,23.4889,1.10456,-2.31296,-0.162864,0.0558912,-0.00588058,10.5666,21.1131,-4.8784,-0.31604,0.0869247,0.0953609,0.650912,0.518994
23.5158,1.13252,-2.69781,23.2823,1.12819,-2.18019,0.233406,0.00433213,-0.517625,10.0795,21.0697,-4.86585,-0.552463,0.0871619,0.0949624,0.647727,0.517655
23.102,1.15259,-2.34951,23.042,1.14259,-2.31814,0.0600339,0.00999997,-0.0313703,9.59422,21.0028,-4.84262,-0.785189,0.0866921,0.0945644,0.643911,0.516625
23.0793,1.14018,-2.84906,22.818,1.15728,-2.25353,0.261292,-0.0170984,-0.595534,9.11177,20.9128,-4.80919,-1.01362,0.0864008,0.094135,0.640196,0.515693
22.3004,1.11349,-2.998,22.5284,1.179,-2.47118,-0.228003,-0.0655096,-0.526819,8.63315,20.8003,-4.76608,-1.2372,0.0859122,0.0936171,0.636838,0.514794
22.1131,1.1862,-3.20417,22.1703,1.19738,-2.74003,-0.0572104,-0.0111731,-0.464141,8.1593,20.6657,-4.71387,-1.45542,0.0856899,0.0932292,0.634327,0.513067
22.2583,1.18911,-3.51245,21.8357,1.21487,-2.91244,0.42253,-0.0257539,-0.600009,7.69111,20.5096,-4.65313,-1.66781,0.0854916,0.092942,0.632,0.510871
21.333,1.2319,-3.3258,21.4983,1.23743,-3.09838,-0.165337,-0.005533,-0.227423,7.22939,20.3326,-4.58448,-1.87399,0.0871134,0.0925015,0.632379,0.509017
21.3,1.24122,-3.35883,21.1592,1.25717,-3.13176,0.140791,-0.0159479,-0.227071,6.7749,20.1352,-4.50854,-2.07357,0.0898211,0.0920226,0.633123,0.507705
21.2882,1.2518,-3.50165,20.8363,1.27545,-3.14361,0.451876,-0.0236554,-0.35804,6.32834,19.9183,-4.42598,-2.26625,0.0927566,0.0915202,0.633365,0.506726
20.2062,1.30633,-3.8691,20.5114,1.29491,-3.20267,-0.30519,0.0114172,-0.666434,5.89034,19.6824,-4.33744,-2.45178,0.0971925,0.0910454,0.634738,0.505402
19.8966,1.26707,-3.80305,20.129,1.30842,-3.44612,-0.232376,-0.0413457,-0.356931,5.46145,19.4284,-4.24359,-2.62995,0.0992709,0.090572,0.633317,0.503134
20.175,1.27537,-3.51253,19.7747,1.32408,-3.50706,0.400283,-0.0487113,-0.00546713,5.04219,19.157,-4.1451,-2.80059,0.100563,0.0901113,0.631187,0.501432
19.458,1.36444,-3.99074,19.4433,1.33573,-3.43636,0.0146674,0.0287084,-0.554377,4.63297,18.8689,-4.04263,-2.96359,0.100687,0.0896523,0.628292,0.499673
19.0503,1.32192,-3.6392,19.0682,1.35157,-3.60947,-0.0178689,-0.0296545,-0.0297299,4.23416,18.5648,-3.93685,-3.11888,0.100438,0.0892611,0.625272,0.498003
19.1444,1.39096,-4.53568,18.7208,1.36169,-3.55698,0.423669,0.0292683,-0.978699,3.84606,18.2457,-3.82841,-3.26644,0.0999666,0.0888962,0.622104,0.496122
18.4355,1.33532,-3.74495,18.2868,1.38497,-3.93705,0.148711,-0.0496465,0.192104,3.46891,17.9122,-3.71795,-3.40627,0.0996594,0.088665,0.619962,0.494021
18.0842,1.42336,-4.42054,17.9076,1.40393,-3.79405,0.176638,0.0194278,-0.626492,3.10287,17.565,-3.60609,-3.53844,0.0999257,0.0885121,0.619095,0.492096
17.3991,1.38194,-4.60153,17.5411,1.42123,-3.91446,-0.141957,-0.0392951,-0.68707,2.74805,17.2051,-3.49344,-3.66302,0.100007,0.0887554,0.617932,0.489958
17.0798,1.42091,-3.82496,17.0727,1.43608,-4.20228,0.00716003,-0.0151658,0.377322,2.4045,16.833,-3.38059,-3.78014,0.0999588,0.0888183,0.616398,0.487831
16.1262,1.47283,-3.95475,16.7112,1.45196,-3.93481,-0.585036,0.0208679,-0.0199418,2.07221,16.4497,-3.26812,-3.88995,0.0998897,0.0892263,0.614738,0.48647
16.3618,1.46403,-4.00339,16.2437,1.46919,-3.99795,0.118102,-0.00516597,-0.00543065,1.75112,16.0557,-3.15656,-3.99261,0.0998121,0.0893269,0.61299,0.48511
15.6357,1.46766,-4.66234,15.8698,1.49,-3.8977,-0.234151,-0.0223355,-0.764632,1.44111,15.6517,-3.04644,-4.08832,0.10023,0.0897943,0.612107,0.483697
15.5501,1.51746,-4.27372,15.3695,1.50737,-4.25993,0.180586,0.0100922,-0.0137898,1.14201,15.2386,-2.93825,-4.1773,0.100952,0.0899083,0.611451,0.481514
15.2483,1.5031,-4.04402,14.9297,1.53146,-4.21965,0.318628,-0.0283585,0.175626,0.853604,14.8169,-2.83246,-4.25977,0.103089,0.0901134,0.612241,0.479721
14.2628,1.52014,-4.69806,14.54,1.54389,-4.06981,-0.277241,-0.0237445,-0.628251,0.575628,14.3872,-2.72952,-4.33598,0.103786,0.0903999,0.610672,0.477959
13.9605,1.57315,-5.03236,14.0455,1.56371,-4.34777,-0.0849854,0.00943831,-0.684595,0.307779,13.9502,-2.62984,-4.40617,0.105034,0.0902693,0.609608,0.476075
13.6378,1.56695,-4.9909,13.5247,1.57001,-4.67171,0.113118,-0.00305817,-0.319192,0.0497099,13.5065,-2.53381,-4.47061,0.104606,0.0898764,0.606814,0.474727
13.1485,1.59172,-4.45625,13.0347,1.59194,-4.75963,0.113843,-0.000227378,0.303377,-0.198962,13.0566,-2.44179,-4.52955,0.104366,0.0894696,0.604361,0.473131
12.3753,1.62616,-4.32808,12.6167,1.59826,-4.54405,-0.241364,0.0279001,0.215962,-0.438654,12.6011,-2.35412,-4.58326,0.104135,0.0890733,0.601806,0.471026
12.5584,1.64828,-4.43193,12.1716,1.61987,-4.40971,0.38683,0.0284101,-0.0222216,-0.669818,12.1404,-2.27111,-4.63198,0.103824,0.0887002,0.599139,0.469008
11.7183,1.67918,-4.45955,11.7639,1.63787,-4.32705,-0.0455963,0.0413052,-0.132506,-0.892931,11.6751,-2.19304,-4.67598,0.103683,0.0884403,0.596519,0.467129
10.9952,1.65196,-4.10274,11.3053,1.67309,-4.33014,-0.310095,-0.0211253,0.2274,-1.1085,11.2057,-2.12017,-4.71549,0.10326,0.0881284,0.594845,0.465308
10.9783,1.68939,-4.76211,10.8921,1.70335,-4.13551,0.0861838,-0.0139586,-0.626602,-1.31706,10.7324,-2.05273,-4.75075,0.103193,0.0878466,0.59399,0.463508
10.147,1.72843,-4.75698,10.4015,1.73003,-4.38007,-0.254534,-0.00159249,-0.376908,-1.51917,10.2559,-1.99093,-4.78198,0.103281,0.0874805,0.592802,0.461797
10.0927,1.7297,-4.34381,9.95577,1.75378,-4.42979,0.13692,-0.0240782,0.0859765,-1.71539,9.77637,-1.93498,-4.80939,0.103087,0.0871346,0.590796,0.459901
9.64457,1.80859,-4.63944,9.55371,1.7747,-4.26972,0.0908633,0.0338994,-0.369718,-1.90631,9.29431,-1.88502,-4.83316,0.102726,0.0868839,0.588436,0.458047
9.34188,1.78279,-4.20313,9.03856,1.80927,-4.4396,0.303321,-0.0264752,0.236469,-2.09256,8.81003,-1.8412,-4.85347,0.102331,0.0865257,0.586049,0.456325
8.61525,1.88451,-4.31162,8.63254,1.84016,-4.21552,-0.0172868,0.0443536,-0.0960998,-2.27474,8.32388,-1.80365,-4.87047,0.102008,0.086177,0.583828,0.4545
8.82103,1.83142,-4.16877,8.21202,1.87445,-4.14114,0.609008,-0.0430337,-0.0276214,-2.45348,7.83617,-1.77248,-4.8843,0.10162,0.0858576,0.581444,0.452635
8.00597,1.96604,-3.62555,7.83012,1.91185,-3.99425,0.17585,0.0541892,0.368702,-2.62944,7.34723,-1.74777,-4.89507,0.101295,0.0855531,0.579346,0.450841
7.73077,1.9406,-4.03438,7.47393,1.97002,-3.63289,0.256849,-0.0294272,-0.401492,-2.80326,6.85734,-1.72958,-4.90286,0.101094,0.0852499,0.577387,0.449042
6.86915,1.95532,-3.35666,7.1102,1.99977,-3.64454,-0.24105,-0.0444491,0.287878,-2.97559,6.36681,-1.71797,-4.90774,0.100764,0.0854879,0.575159,0.447847
7.04054,2.09136,-3.61806,6.761,2.0378,-3.3912,0.279543,0.0535515,-0.226858,-3.14709,5.87592,-1.71297,-4.90976,0.100575,0.0860152,0.573042,0.446738
6.09662,2.12286,-2.99148,6.38503,2.11033,-3.30081,-0.288405,0.0125324,0.309328,-3.31843,5.38496,-1.71458,-4.90893,0.100205,0.0860265,0.570797,0.445053
6.01823,2.17684,-3.19097,6.07311,2.18607,-2.88929,-0.054878,-0.00923264,-0.301674,-3.49026,4.89422,-1.72281,-4.90525,0.0998142,0.0858636,0.568616,0.443313
5.45231,2.26901,-2.36296,5.75477,2.2696,-2.69318,-0.302459,-0.000592108,0.330224,-3.66325,4.40398,-1.73763,-4.89868,0.0994931,0.0855302,0.566634,0.44175
5.78015,2.35065,-2.40935,5.53691,2.3697,-2.05946,0.243234,-0.0190498,-0.34989,-3.83806,3.91452,-1.75899,-4.88918,0.0995384,0.0852601,0.564983,0.440522
5.75128,2.39906,-1.5502,5.32333,2.44526,-1.8104,0.427948,-0.0462022,0.260204,-4.01533,3.42616,-1.78686,-4.87666,0.0993104,0.0849963,0.562833,0.43894
5.15539,2.54841,-1.02706,5.20837,2.52819,-1.22963,-0.0529784,0.0202172,0.202573,-4.19571,2.93919,-1.82113,-4.86104,0.099151,0.0847683,0.560777,0.437312
4.9986,2.64081,-0.775703,5.10402,2.64196,-0.616428,-0.105424,-0.0011487,-0.159275,-4.37985,2.45393,-1.86173,-4.84218,0.0990832,0.084449,0.55873,0.435726
4.7059,2.71934,0.36354,5.04878,2.75224,-0.119391,-0.34288,-0.0328936,0.48293,-4.56836,1.97072,-1.90853,-4.81994,0.0991156,0.0841862,0.556798,0.43429
5.18451,2.86092,0.871208,5.10546,2.86283,0.700748,0.0790559,-0.00191113,0.17046,-4.76186,1.48989,-1.9614,-4.79417,0.0995683,0.084147,0.5552,0.433129
5.10777,2.92274,1.07201,5.16827,2.95631,1.20827,-0.0604973,-0.0335721,-0.136267,-4.96095,1.01182,-2.02019,-4.76468,0.0996301,0.0839077,0.553224,0.431558
4.85074,3.10427,1.75578,5.24463,3.03681,1.48287,-0.393885,0.0674571,0.272907,-5.16621,0.536876,-2.08471,-4.73127,0.0993709,0.0837533,0.551205,0.430184
6.00513,3.19003,1.77637,5.39197,-3.13735,2.03148,0.613165,0.0441931,-0.255118,-5.3782,0.0654719,-2.15477,-4.69374,0.0990237,0.0839924,0.549452,0.429142
5.64632,-3.11599,2.50614,5.58328,-3.04474,2.3158,0.0630378,-0.0712573,0.190332,-5.59748,-0.401971,-2.23014,-4.65185,0.0986777,0.08409,0.548004,0.427837
5.35867,-3.00598,3.30434,5.88191,-2.99798,2.72086,-0.523242,-0.00799731,0.583479,-5.82456,-0.865006,-2.31058,-4.60536,0.0983239,0.0837999,0.546125,0.426453
5.88279,-2.87871,3.2551,6.19882,-2.91984,3.26914,-0.316029,0.0411279,-0.0140405,-6.05993,-1.32316,-2.39581,-4.55404,0.0980018,0.0836883,0.544288,0.425288
6.36176,-2.86134,4.18697,6.54011,-2.85632,3.523,-0.178355,-0.00501591,0.663974,-6.30406,-1.77593,-2.48555,-4.49762,0.0976609,0.0835918,0.542455,0.424303
7.32369,-2.84014,3.85602,6.95193,-2.79599,4.0379,0.371766,-0.0441557,-0.181881,-6.55738,-2.22281,-2.57946,-4.43585,0.0973223,0.0836973,0.540544,0.423694
7.62876,-2.78321,4.24815,7.3736,-2.76165,4.1312,0.25516,-0.0215611,0.116947,-6.82029,-2.66323,-2.6772,-4.36847,0.0970474,0.0835468,0.538655,0.422488
7.83203,-2.71786,4.17322,7.79494,-2.7129,4.31543,0.0370973,-0.00495439,-0.142213,-7.09316,-3.09663,-2.7784,-4.29523,0.096711,0.0839423,0.537034,0.422233
8.78236,-2.65716,4.41769,8.18959,-2.68132,4.30481,0.592768,0.0241556,0.112875,-7.37632,-3.5224,-2.88265,-4.21586,0.096398,0.0843481,0.535686,0.421837
8.46643,-2.66525,4.6454,8.63254,-2.65987,4.41325,-0.166116,-0.00538245,0.232146,-7.67004,-3.93992,-2.98953,-4.13012,0.0960714,0.0841858,0.534069,0.420645
9.29152,-2.62635,4.65344,9.11347,-2.63098,4.6206,0.178051,0.00463223,0.0328342,-7.97457,-4.34854,-3.09857,-4.03778,0.0957524,0.084323,0.53258,0.420164
9.79884,-2.61129,4.32196,9.61966,-2.60338,4.75946,0.179177,-0.00791107,-0.437499,-8.2901,-4.74759,-3.2093,-3.93862,0.0954584,0.0850722,0.531784,0.420309
9.80209,-2.63074,4.40487,10.051,-2.58119,4.59215,-0.248914,-0.0495437,-0.187279,-8.61678,-5.13637,-3.32121,-3.83242,0.0953821,0.0858845,0.532201,0.420086
10.6846,-2.57959,4.69636,10.5215,-2.57105,4.58495,0.163067,-0.00853617,0.111409,-8.95469,-5.51417,-3.43377,-3.71901,0.0952753,0.0865911,0.532314,0.419666
10.3939,-2.59306,4.47447,10.9957,-2.55763,4.66751,-0.601808,-0.0354269,-0.193039,-9.30388,-5.88026,-3.54643,-3.59823,0.0954773,0.0871418,0.532896,0.419134
11.7165,-2.56253,4.72734,11.3794,-2.55795,4.49163,0.337096,-0.00458379,0.235708,-9.66432,-6.23389,-3.6586,-3.46994,0.0958463,0.0869198,0.533029,0.417879
12.4184,-2.60434,5.08845,11.8713,-2.54344,4.64556,0.547043,-0.0609003,0.442881,-10.0359,-6.57431,-3.76969,-3.33404,0.09657,0.0869526,0.533028,0.417624
12.2265,-2.56061,5.05486,12.4326,-2.54219,4.93869,-0.206032,-0.0184233,0.116173,-10.4186,-6.90075,-3.87907,-3.19046,0.0969148,0.0870049,0.532048,0.417813
12.8601,-2.58139,5.08645,12.9857,-2.53839,5.08279,-0.125633,-0.0429983,0.0036608,-10.8121,-7.21245,-3.98613,-3.03916,0.0969462,0.0872849,0.530773,0.418586
13.2295,-2.55065,4.90432,13.5423,-2.53948,5.16829,-0.312793,-0.0111703,-0.263968,-11.2161,-7.50862,-4.09021,-2.88015,0.0967567,0.0876786,0.529472,0.419313
13.6423,-2.56294,4.89282,13.9688,-2.53475,4.94567,-0.326584,-0.0281892,-0.0528466,-11.6304,-7.78849,-4.19066,-2.71349,0.097131,0.088195,0.529156,0.4204
14.3095,-2.55814,4.49673,14.396,-2.53693,4.82501,-0.0865842,-0.0212179,-0.328281,-12.0546,-8.05131,-4.28682,-2.53924,0.0981498,0.0883208,0.529651,0.42063
14.807,-2.56912,5.27667,14.8299,-2.54197,4.64349,-0.0229212,-0.027151,0.63318,-12.4881,-8.29633,-4.37802,-2.35756,0.0992345,0.0881923,0.52945,0.420777
15.153,-2.57023,4.46958,15.3261,-2.54762,4.8957,-0.173054,-0.0226001,-0.426126,-12.9304,-8.5228,-4.4636,-2.16863,0.100563,0.0879416,0.529013,0.420754
16.1868,-2.5908,5.01852,15.8211,-2.55626,4.77636,0.36565,-0.0345423,0.242159,-13.381,-8.73002,-4.54289,-1.97267,0.101091,0.0876692,0.527904,0.420484
15.9458,-2.59682,4.2878,16.307,-2.56564,4.86155,-0.361205,-0.0311799,-0.573749,-13.8392,-8.91729,-4.61524,-1.76997,0.101683,0.0875615,0.527024,0.419725
16.9366,-2.59554,5.12891,16.7426,-2.57129,4.60797,0.19406,-0.0242484,0.520949,-14.3043,-9.08395,-4.68001,-1.56086,0.102339,0.0873917,0.526123,0.419763
17.3041,-2.57238,4.58709,17.2814,-2.5763,4.89896,0.022732,0.0039211,-0.311866,-14.7754,-9.22939,-4.73658,-1.34573,0.103041,0.0871338,0.525114,0.421546
18.3825,-2.58614,4.68517,17.752,-2.58976,4.77736,0.630489,0.00362004,-0.0921883,-15.2517,-9.35302,-4.78436,-1.125,0.103167,0.0869757,0.523736,0.421964
18.4821,-2.6107,4.28658,18.3108,-2.59549,4.87411,0.171321,-0.0152157,-0.587523,-15.7324,-9.45431,-4.82275,-0.899159,0.103097,0.0867405,0.522615,0.423809
18.8168,-2.65166,4.3787,18.7833,-2.60349,4.66797,0.0335178,-0.0481685,-0.289272,-16.2164,-9.53277,-4.85124,-0.668734,0.102969,0.0865962,0.521693,0.425844
18.5335,-2.61375,4.25211,19.2072,-2.61765,4.51894,-0.673636,0.00390707,-0.266836,-16.7027,-9.58797,-4.8693,-0.434301,0.10289,0.0863392,0.52083,0.426598
20.1085,-2.57124,4.57915,19.6286,-2.63201,4.41663,0.479849,0.0607641,0.162521,-17.1903,-9.61954,-4.87646,-0.196479,0.102649,0.0861607,0.519495,0.427355
20.4243,-2.6638,4.17748,20.1286,-2.64144,4.56797,0.295688,-0.0223654,-0.39049,-17.6781,-9.62717,-4.87232,0.0440703,0.102353,0.0859102,0.518084,0.428945
20.4843,-2.67648,3.99555,20.5516,-2.6559,4.40397,-0.0673176,-0.0205801,-0.408419,-18.1648,-9.61064,-4.85648,0.286648,0.102057,0.0857188,0.516739,0.429585
20.6091,-2.65784,4.30292,20.9316,-2.66407,4.19169,-0.322448,0.00623581,0.111224,-18.6493,-9.56977,-4.82864,0.530522,0.101853,0.0855133,0.515614,0.432508
20.7641,-2.69174,4.20813,21.3611,-2.67609,4.26957,-0.597049,-0.0156549,-0.0614474,-19.1305,-9.50447,-4.78851,0.774927,0.101635,0.0853606,0.514217,0.436188
21.5791,-2.7216,3.64727,21.719,-2.69445,4.18028,-0.139927,-0.0271461,-0.533013,-19.6069,-9.41472,-4.73591,1.01907,0.101387,0.0852095,0.512828,0.437096
21.7788,-2.78143,3.68183,22.0636,-2.71357,3.93369,-0.284819,-0.0678568,-0.251854,-20.0775,-9.30061,-4.67066,1.26215,0.101099,0.085983,0.511369,0.436412
22.661,-2.69707,3.79466,22.4351,-2.71684,3.83941,0.225938,0.0197653,-0.044743,-20.5409,-9.16227,-4.59271,1.50334,0.101059,0.0859106,0.510159,0.441862
23.1722,-2.76598,3.50623,22.8028,-2.73177,3.82218,0.369421,-0.034212,-0.315954,-20.9959,-8.99994,-4.50202,1.74179,0.100943,0.0857692,0.508774,0.445943
23.5086,-2.76519,3.3332,23.1395,-2.74556,3.66922,0.369058,-0.0196315,-0.336022,-21.4412,-8.81393,-4.39865,1.97666,0.100892,0.0857694,0.50742,0.450129
23.1693,-2.81593,2.77502,23.4809,-2.7564,3.53884,-0.311623,-0.0595324,-0.763815,-21.8754,-8.60465,-4.2827,2.20712,0.101117,0.0864242,0.506465,0.455565
23.4906,-2.80745,3.30506,23.7435,-2.77152,3.18751,-0.252909,-0.0359364,0.117557,-22.2975,-8.37258,-4.15437,2.43232,0.101484,0.0872284,0.505311,0.460197
23.9093,-2.77466,2.90501,24.0961,-2.78802,3.32461,-0.186817,0.0133608,-0.419599,-22.7061,-8.11829,-4.01391,2.65145,0.101595,0.0882641,0.503941,0.464437
24.7121,-2.79819,2.37553,24.3814,-2.81125,3.17926,0.330733,0.0130541,-0.803739,-23.1,-7.84243,-3.86163,2.8637,0.101417,0.0881217,0.50269,0.464523
24.5005,-2.85095,2.95743,24.6649,-2.83026,2.92156,-0.164398,-0.0206901,0.0358738,-23.4781,-7.54572,-3.69792,3.06828,0.10114,0.0878817,0.501533,0.463959
24.9317,-2.87494,2.63668,24.9311,-2.8459,2.94592,0.000589948,-0.0290345,-0.309244,-23.8393,-7.22897,-3.52321,3.26445,0.100866,0.0876498,0.500561,0.46402
25.0718,-2.90236,2.27024,25.1889,-2.85821,2.83188,-0.117197,-0.0441502,-0.561643,-24.1825,-6.89307,-3.33801,3.45149,0.100606,0.0878267,0.499447,0.465942
25.808,-2.85952,1.9332,25.3788,-2.88039,2.57147,0.429122,0.0208697,-0.638273,-24.5066,-6.53896,-3.14289,3.62873,0.100337,0.0876015,0.498308,0.465656
25.3337,-2.90212,1.88951,25.5327,-2.89288,2.23883,-0.199033,-0.00924074,-0.349318,-24.8107,-6.16764,-2.93846,3.79553,0.100239,0.0876539,0.496983,0.466796
25.3991,-2.94252,1.81437,25.7534,-2.91219,2.19148,-0.35433,-0.0303336,-0.377107,-25.094,-5.7802,-2.72537,3.95132,0.100013,0.0875064,0.495819,0.466885
26.1059,-2.93168,1.92108,25.9199,-2.92853,2.05224,0.186008,-0.00314388,-0.131162,-25.3556,-5.37777,-2.50435,4.09557,0.0997716,0.0875181,0.494894,0.467473
25.8634,-2.88519,1.92658,26.1331,-2.94772,2.08838,-0.269784,0.0625358,-0.161803,-25.5946,-4.96152,-2.27613,4.22781,0.0995225,0.0874782,0.494782,0.467696
26.1896,-2.97252,1.63348,26.3058,-2.96161,2.03889,-0.116174,-0.0109081,-0.405411,-25.8105,-4.53268,-2.04149,4.34764,0.0993067,0.0879762,0.494991,0.468998
27.2593,-2.978,0.843194,26.4529,-2.98124,1.89013,0.806357,0.00324878,-1.04693,-26.0027,-4.0925,-1.80125,4.45471,0.0992172,0.0881952,0.494951,0.469078
26.8438,-2.9974,0.594495,26.5526,-3.00266,1.47725,0.291166,0.00525333,-0.88276,-26.1706,-3.64227,-1.55623,4.54875,0.0991966,0.0880007,0.494167,0.468057
26.4694,-3.0276,0.430728,26.5609,-3.02225,1.04333,-0.0915075,-0.00535261,-0.612606,-26.3138,-3.18332,-1.30729,4.62954,0.0989745,0.0877894,0.492962,0.466867
26.6919,-3.01199,0.454246,26.5608,-3.04024,0.757265,0.131126,0.028253,-0.303018,-26.4319,-2.71697,-1.05529,4.69696,0.098728,0.0875836,0.491705,0.465727
26.7127,-3.07702,0.496758,26.6554,-3.05291,0.750676,0.0572723,-0.024105,-0.253918,-26.5247,-2.24456,-0.80109,4.75091,0.0984807,0.0876521,0.490682,0.465502
26.358,-3.09139,0.423345,26.7245,-3.0692,0.725245,-0.366508,-0.0221945,-0.3019,-26.5921,-1.76744,-0.545553,4.79141,0.0982647,0.0880648,0.490058,0.465512
26.5906,-3.05894,-0.249844,26.7153,-3.08866,0.578535,-0.124748,0.0297236,-0.828379,-26.6338,-1.28695,-0.289538,4.81852,0.0980227,0.0883227,0.489268,0.464932
27.2525,-3.08003,-0.161527,26.6759,-3.10572,0.231128,0.576576,0.0256977,-0.392654,-26.65,-0.804425,-0.0338883,4.83238,0.0977779,0.0887721,0.48828,0.464323
26.9891,-3.14289,-0.611633,26.6993,-3.1246,0.173448,0.289752,-0.0182979,-0.785081,-26.6406,-0.321181,0.220572,4.83317,0.0975549,0.0890058,0.487395,0.463331
26.9541,3.13651,-0.730319,26.617,3.13629,-0.152076,0.337074,0.000218563,-0.578243,-26.6059,0.161489,0.473041,4.82116,0.0973128,0.0888044,0.486256,0.462251
26.8268,3.12737,-0.525282,26.5704,3.11463,-0.296498,0.256333,0.0127451,-0.228784,-26.5462,0.642323,0.722748,4.79667,0.0970738,0.0886896,0.485213,0.461659
26.0865,3.0416,-0.379773,26.5692,3.0941,-0.230769,-0.482705,-0.0525027,-0.149004,-26.4616,1.12009,0.968955,4.76007,0.0969042,0.0890409,0.484737,0.461709
26.5132,3.16286,-0.674688,26.4974,3.0753,-0.257026,0.0157775,0.0875599,-0.417662,-26.3526,1.59361,1.21096,4.71181,0.096768,0.0892719,0.484616,0.461216
26.4109,3.07231,-1.06212,26.4276,3.06081,-0.386701,-0.0166969,0.0114994,-0.675423,-26.2197,2.06173,1.44811,4.65235,0.0967267,0.0891513,0.4845,0.46017
26.1685,3.05439,-0.855942,26.3194,3.04585,-0.642873,-0.150905,0.00854202,-0.213069,-26.0633,2.52336,1.67979,4.58223,0.0968153,0.0889382,0.484489,0.45906
26.4965,3.02722,-1.60779,26.2212,3.02704,-0.682965,0.27534,0.000184189,-0.924821,-25.8841,2.97746,1.90543,4.502,0.0970034,0.0887265,0.484304,0.457973
26.4473,2.99994,-1.43601,26.0619,3.00549,-1.03835,0.385426,-0.00555176,-0.397657,-25.6826,3.42306,2.12452,4.41227,0.0971647,0.0888032,0.483543,0.457422
25.7684,3.0197,-1.63152,25.926,2.98868,-1.14566,-0.157527,0.0310237,-0.485854,-25.4596,3.85924,2.3366,4.31367,0.0974046,0.088726,0.482848,0.456583
25.6284,2.99447,-1.70553,25.7985,2.97429,-1.24759,-0.170063,0.020186,-0.45794,-25.2157,4.28514,2.54127,4.20686,0.0981027,0.0885159,0.482446,0.455509
24.6515,2.96589,-1.64191,25.5755,2.95548,-1.4715,-0.924006,0.0104099,-0.170409,-24.9518,4.69998,2.73817,4.09251,0.0984159,0.0883171,0.481789,0.45459
24.8606,2.94075,-1.97394,25.3821,2.93845,-1.50757,-0.521472,0.00230845,-0.466361,-24.6686,5.10304,2.92701,3.97132,0.0987763,0.0881093,0.481278,0.453686
24.9946,2.93014,-2.49278,25.1334,2.91898,-1.72308,-0.13886,0.0111565,-0.769703,-24.367,5.49367,3.10754,3.84401,0.0988656,0.0879351,0.480365,0.453017
25.0204,2.95025,-2.65249,24.8396,2.902,-2.08748,0.180756,0.0482455,-0.565011,-24.0477,5.8713,3.27959,3.71127,0.0987564,0.0877328,0.479268,0.452136
24.4151,2.87445,-1.95451,24.5744,2.88657,-2.29303,-0.159294,-0.01212,0.338518,-23.7117,6.23542,3.44302,3.57383,0.0986474,0.0875609,0.478291,0.451261
24.6376,2.87303,-2.30561,24.3752,2.86982,-2.06333,0.262447,0.00321365,-0.242287,-23.3598,6.58559,3.59775,3.4324,0.0987064,0.0874257,0.477741,0.450446
23.4984,2.89476,-2.54438,24.1154,2.84759,-2.14526,-0.617005,0.0471694,-0.399121,-22.9928,6.92146,3.74376,3.28768,0.0985713,0.0872536,0.476852,0.450515
23.4155,2.84865,-2.96974,23.8035,2.82982,-2.3402,-0.388064,0.0188346,-0.629541,-22.6117,7.24273,3.88106,3.14038,0.0983586,0.0870785,0.475834,0.450427
23.4113,2.79945,-3.47701,23.498,2.81404,-2.57709,-0.0867318,-0.0145889,-0.89992,-22.2173,7.54917,4.00974,2.99118,0.0981462,0.0868807,0.474946,0.449797
23.43,2.74571,-2.70768,23.1807,2.79644,-2.88292,0.249238,-0.050731,0.175239,-21.8105,7.84064,4.12989,2.84074,0.0979254,0.0867027,0.473908,0.449432
23.2089,2.79945,-2.9496,22.9257,2.77768,-2.70159,0.283126,0.0217746,-0.248014,-21.392,8.11703,4.24166,2.68971,0.0977265,0.0865223,0.472861,0.449265
22.551,2.71718,-2.6054,22.5955,2.76672,-2.83108,-0.0444906,-0.0495364,0.225681,-20.9628,8.37833,4.34526,2.53871,0.0975829,0.0865559,0.472118,0.448438
22.036,2.70046,-3.40066,22.379,2.74766,-2.57962,-0.343026,-0.0471946,-0.821032,-20.5237,8.62457,4.4409,2.38835,0.0975953,0.08642,0.471523,0.447938
22.0803,2.72903,-2.81105,21.993,2.72704,-2.96524,0.087281,0.00199039,0.15419,-20.0753,8.85583,4.52884,2.23919,0.0974566,0.0862323,0.470548,0.447929
21.7757,2.72649,-2.79998,21.7334,2.71116,-2.79205,0.0422301,0.0153336,-0.00793254,-19.6186,9.07227,4.60937,2.09179,0.0976078,0.0860507,0.470052,0.447872
21.1919,2.63907,-3.30678,21.4335,2.69622,-2.76945,-0.241553,-0.0571584,-0.537326,-19.1542,9.27409,4.68278,1.94666,0.0979214,0.0859192,0.469583,0.447506
21.2718,2.70567,-3.3833,21.0184,2.67523,-3.0869,0.25342,0.0304397,-0.296401,-18.6827,9.46154,4.7494,1.80429,0.0978888,0.0857574,0.468587,0.447234
20.15,2.6938,-3.97127,20.6702,2.65686,-3.17975,-0.520206,0.0369403,-0.791521,-18.2049,9.63492,4.80959,1.66514,0.0977647,0.0856239,0.467693,0.446756
19.9101,2.61668,-3.29532,20.2202,2.63512,-3.55422,-0.310088,-0.0184389,0.2589,-17.7214,9.79457,4.86368,1.52964,0.0975803,0.0854472,0.467046,0.446873
19.9648,2.60466,-3.6641,19.8663,2.61284,-3.37705,0.0985105,-0.00817699,-0.287055,-17.2328,9.94087,4.91205,1.39818,0.0975128,0.0853666,0.466387,0.447628
19.4316,2.59454,-3.65134,19.5117,2.58992,-3.40523,-0.0800577,0.00461537,-0.246109,-16.7396,10.0743,4.95507,1.27113,0.0976295,0.0855951,0.465925,0.448841
19.2581,2.55982,-3.71646,19.1728,2.56925,-3.39058,0.0852977,-0.00942615,-0.32588,-16.2424,10.1952,4.99311,1.14883,0.0977701,0.0861285,0.46542,0.449941
18.8573,2.55678,-3.53147,18.8063,2.55353,-3.46856,0.0509519,0.00325169,-0.062911,-15.7416,10.3041,5.02655,1.03159,0.0977395,0.086281,0.464545,0.449879
17.9383,2.48774,-4.22288,18.4556,2.54017,-3.4362,-0.517294,-0.052427,-0.786683,-15.2376,10.4016,5.05576,0.919692,0.0976277,0.086117,0.463768,0.449022
17.5963,2.56215,-3.31788,18.0171,2.51815,-3.75324,-0.42072,0.0440001,0.43536,-14.7309,10.4882,5.0811,0.813394,0.0975849,0.0859436,0.462928,0.448199
17.4348,2.49358,-3.80261,17.64,2.50492,-3.55525,-0.205208,-0.0113467,-0.247367,-14.2218,10.5645,5.10293,0.712926,0.0974367,0.0859274,0.461972,0.447249
17.1981,2.46371,-3.3139,17.2844,2.47344,-3.52698,-0.086364,-0.00972774,0.213081,-13.7107,10.631,5.12159,0.618496,0.0976411,0.0858855,0.461151,0.447309
16.8616,2.44537,-3.74352,16.9366,2.45379,-3.37164,-0.0750454,-0.00841987,-0.37188,-13.1979,10.6884,5.13741,0.530288,0.0977553,0.0857587,0.460236,0.446928
16.633,2.39881,-3.4553,16.6092,2.42755,-3.37452,0.0238543,-0.0287326,-0.0807706,-12.6836,10.7373,5.15071,0.448467,0.0979508,0.0860281,0.459411,0.4471
16.1744,2.40076,-3.36125,16.2446,2.40886,-3.36732,-0.0702524,-0.00809888,0.00607194,-12.1681,10.7783,5.16179,0.373177,0.0979423,0.0860124,0.458453,0.44661
15.5125,2.35632,-3.45673,15.9451,2.38302,-3.208,-0.432611,-0.026705,-0.248729,-11.6516,10.8121,5.17092,0.304546,0.0979434,0.0863129,0.457527,0.446434
15.4675,2.39443,-4.4497,15.5995,2.36006,-3.22898,-0.132067,0.034367,-1.22071,-11.1342,10.8394,5.17836,0.242681,0.0978572,0.0863966,0.45677,0.445805
15.1985,2.34779,-3.72809,15.0975,2.33798,-3.81994,0.100967,0.00981582,0.0918504,-10.6161,10.8609,5.18435,0.187679,0.0979758,0.0862234,0.456204,0.44507
14.9701,2.29374,-2.90921,14.759,2.31598,-3.63693,0.211043,-0.0222365,0.727721,-10.0976,10.8772,5.1891,0.139618,0.0979074,0.0860582,0.455311,0.444302
14.5278,2.34866,-3.34851,14.5196,2.28468,-3.09703,0.00821349,0.0639847,-0.251481,-9.57852,10.8891,5.19278,0.0985664,0.0977787,0.0859622,0.454403,0.443546
13.8648,2.29853,-3.20344,14.2052,2.2592,-3.08324,-0.340325,0.0393282,-0.120201,-9.05915,10.8972,5.19557,0.0645787,0.0975994,0.0858527,0.45351,0.442696
13.3705,2.29307,-3.21572,13.8932,2.23035,-3.00913,-0.522703,0.0627221,-0.206593,-8.53953,10.9023,5.19759,0.0376992,0.0974103,0.0857403,0.45262,0.441844
13.646,2.18959,-2.98721,13.5524,2.2185,-3.06285,0.0935633,-0.0289095,0.0756418,-8.01974,10.905,5.19896,0.0179617,0.0976057,0.0857164,0.452619,0.441242
12.8856,2.1693,-2.77937,13.2485,2.17457,-2.89352,-0.362943,-0.00526925,0.114152,-7.49981,10.9061,5.19975,0.00539029,0.0974149,0.0855442,0.45172,0.440368
13.2691,2.16184,-2.40572,12.9386,2.13994,-2.7481,0.330538,0.0219076,0.342385,-6.97983,10.9064,5.2,-7.84874e-15,0.0972256,0.0853761,0.450855,0.439588
